City,Lat,Lng,Max Temp,Humidity,Cloudiness,Wind Speed,Country,Date
Vaini,-21.2,-21.2,74.05,72,100,12.62,TO,1658888792
Rikitea,-23.1203,-23.1203,74.73,74,78,8.55,PF,1658888789
Busselton,-33.65,-33.65,55.35,73,100,8.37,AU,1658888782
Guerrero Negro,27.9769,27.9769,70.88,77,8,13.73,MX,1658888858
Longyearbyen,78.2186,78.2186,48.04,76,75,3.44,SJ,1658888828
Saskylakh,71.9167,71.9167,77.2,53,36,10.92,RU,1658888890
Manavālakurichi,8.1333,8.1333,78.49,82,96,11.27,IN,1658888968
George Town,5.4112,5.4112,85.95,75,20,9.22,MY,1658888773
Albany,42.6001,42.6001,65.57,76,0,4.18,US,1658888622
Airai,-8.9266,-8.9266,69.71,44,60,5.32,TL,1658888813
Chokurdakh,70.6333,70.6333,59.83,34,19,10.09,RU,1658888836
Qaanaaq,77.484,77.484,39.54,71,40,0.81,GL,1658888827
Ushuaia,-54.8,-54.8,33.46,64,0,8.05,AR,1658888629
Port Alfred,-33.5906,-33.5906,61.18,65,44,5.01,ZA,1658888781
Abalak,58.1286,58.1286,59.7,66,98,7.74,RU,1658888969
Cape Town,-33.9258,-33.9258,52.12,87,20,3.44,ZA,1658888514
Ixtapa,20.7,20.7,78.03,94,100,11.01,MX,1658888969
Alice Springs,-23.7,-23.7,56.75,33,0,16.11,AU,1658888707
Shenzhen,22.5455,22.5455,91.85,61,12,7.31,CN,1658888815
Quatre Cocos,-20.2078,-20.2078,67.08,77,30,10.74,MU,1658888772
Svay Rieng,11.0879,11.0879,83.91,74,100,5.3,KH,1658888970
Upernavik,72.7868,72.7868,37.92,88,96,8.48,GL,1658888864
Meulaboh,4.1363,4.1363,77.49,85,98,5.57,ID,1658888970
New Norfolk,-42.7826,-42.7826,54.91,71,94,3.0,AU,1658888792
Tasiilaq,65.6145,65.6145,39.36,94,100,4.05,GL,1658888834
Norman Wells,65.282,65.282,57.24,94,100,11.5,CA,1658888853
Avarua,-21.2078,-21.2078,73.45,60,20,18.41,CK,1658888829
Ingleside,27.8778,27.8778,86.23,79,0,11.5,US,1658888971
Cherskiy,68.75,68.75,53.91,44,26,8.41,RU,1658888785
Phalaborwa,-23.943,-23.943,58.28,67,0,2.91,ZA,1658888971
Kulu,39.0951,39.0951,65.5,49,0,6.82,TR,1658888971
College,64.8569,64.8569,61.47,54,75,17.27,US,1658888972
Hasaki,35.7333,35.7333,93.29,81,73,17.92,JP,1658888906
Chui,-33.6971,-33.6971,58.28,96,24,4.76,UY,1658888781
Chokwé,-24.5333,-24.5333,57.9,77,0,4.85,MZ,1658888972
Tuktoyaktuk,69.4541,69.4541,64.4,52,20,25.32,CA,1658888797
Lebu,-37.6167,-37.6167,51.03,85,66,14.12,CL,1658888826
Manche,49.0,49.0,49.14,87,0,1.39,FR,1658888972
Kilindoni,-7.9139,-7.9139,75.43,76,16,16.17,TZ,1658888973
Punta Arenas,-53.15,-53.15,32.11,86,0,12.66,CL,1658888656
Thompson,55.7435,55.7435,59.16,77,75,9.22,CA,1658888786
Dunedin,-45.8742,-45.8742,46.63,96,100,9.48,NZ,1658888973
Neuquén,-38.9516,-38.9516,46.29,100,100,0.0,AR,1658888885
Yerbogachën,61.2767,61.2767,67.48,63,61,9.06,RU,1658888823
Departamento de Maldonado,-34.6667,-34.6667,62.22,95,74,4.03,UY,1658888974
Mataura,-46.1927,-46.1927,48.47,96,100,5.41,NZ,1658888789
Hithadhoo,-0.6,-0.6,75.76,93,100,13.35,MV,1658888542
Carnarvon,-24.8667,-24.8667,68.07,34,100,5.37,AU,1658888807
Altamira,-3.2033,-3.2033,78.1,67,97,2.59,BR,1658888974
Bredasdorp,-34.5322,-34.5322,49.12,94,23,5.64,ZA,1658888804
Bambous Virieux,-20.3428,-20.3428,67.21,94,40,3.44,MU,1658888851
Black River,18.0264,18.0264,80.06,76,18,6.35,JM,1658888974
Jamestown,42.097,42.097,64.71,53,85,0.72,US,1658888630
Yulara,-25.2406,-25.2406,57.07,32,0,13.56,AU,1658888860
Namtsy,62.7161,62.7161,84.4,38,62,2.19,RU,1658888975
Mayo,38.8876,38.8876,75.31,89,75,4.61,US,1658888975
Hilo,19.7297,19.7297,88.29,84,75,6.91,US,1658888515
Ndola,-12.9587,-12.9587,53.02,69,5,6.49,ZM,1658888975
Port-Gentil,-0.7193,-0.7193,73.92,82,98,12.64,GA,1658888811
Tabas,33.5959,33.5959,90.73,27,74,4.29,IR,1658888976
Kharp,66.8014,66.8014,50.65,82,100,9.71,RU,1658888976
Kaitangata,-46.2817,-46.2817,45.72,97,100,9.26,NZ,1658888976
Lorengau,-2.0226,-2.0226,85.08,71,19,10.36,PG,1658888977
Seminole,28.7086,28.7086,78.42,91,75,8.05,US,1658888977
Kabelvåg,68.2114,68.2114,54.54,91,100,16.71,NO,1658888977
Butaritari,3.0707,3.0707,82.08,75,6,18.75,KI,1658888839
Clearlake,38.9582,38.9582,89.58,31,2,7.83,US,1658888978
Ayr,55.4627,55.4627,47.32,100,8,3.44,GB,1658888858
Hanyang,32.1371,32.1371,83.28,71,65,5.88,CN,1658888978
Los Llanos de Aridane,28.6585,28.6585,73.15,57,0,10.36,ES,1658888816
Conakry,9.538,9.538,78.87,89,75,6.91,GN,1658888978
Kumul,42.8,42.8,87.58,11,0,7.9,CN,1658888979
Kupang,-10.1667,-10.1667,82.45,55,100,14.85,ID,1658888979
Codrington,-38.2667,-38.2667,56.05,79,100,14.56,AU,1658888810
Talara,-4.5772,-4.5772,64.85,87,100,19.6,PE,1658888981
Nouadhibou,20.931,20.931,78.78,89,1,8.05,MR,1658888981
Houma,29.5958,29.5958,81.0,89,40,3.44,US,1658888781
Akdepe,42.0551,42.0551,75.29,35,0,1.1,TM,1658888982
Fuerte Olimpo,-21.0415,-21.0415,75.22,35,2,5.23,PY,1658888983
Mandalgovi,45.7625,45.7625,59.95,53,1,10.6,MN,1658888983
Vila do Maio,15.1333,15.1333,79.59,84,100,7.45,CV,1658888984
Narsaq,60.9167,60.9167,52.02,90,24,1.23,GL,1658888809
Makat,47.6469,47.6469,77.86,43,50,5.59,KZ,1658888984
Dalvik,65.9702,65.9702,49.93,82,100,5.61,IS,1658888984
Estelle,29.8458,29.8458,84.2,77,75,4.61,US,1658888884
Castro,-24.7911,-24.7911,54.55,81,2,4.23,BR,1658888613
Acapulco de Juárez,16.8634,16.8634,82.22,78,75,0.0,MX,1658888985
Camrose,53.0168,53.0168,71.13,75,11,4.92,CA,1658888985
Port Elizabeth,-33.918,-33.918,59.31,81,0,18.41,ZA,1658888671
Bairiki Village,1.3292,1.3292,86.0,70,40,14.97,KI,1658888809
Esim,4.8699,4.8699,75.61,87,87,10.92,GH,1658888918
Puerto Ayora,-0.7393,-0.7393,69.55,93,100,4.0,EC,1658888787
Santa Rosalía,27.3167,27.3167,86.67,48,5,1.66,MX,1658888986
Barrow,71.2906,71.2906,35.62,93,100,12.66,US,1658888544
Padang,-0.9492,-0.9492,78.85,73,100,1.07,ID,1658888863
Darnah,32.767,32.767,77.68,83,0,15.86,LY,1658888986
Yellowknife,62.456,62.456,68.56,52,20,8.05,CA,1658888823
Port Lincoln,-34.7333,-34.7333,58.64,61,100,16.6,AU,1658888927
Lüderitz,-26.6481,-26.6481,54.0,77,0,5.17,NA,1658888945
Sabha,27.0377,27.0377,79.09,16,0,11.07,LY,1658888987
Kavaratti,10.5669,10.5669,81.37,76,100,16.58,IN,1658888979
Saint Paul Harbor,57.79,57.79,53.11,71,0,6.91,US,1658888825
Adré,13.4667,13.4667,72.46,83,95,9.8,TD,1658888881
Ponta do Sol,32.6667,32.6667,74.03,60,1,6.15,PT,1658888805
Saint Anthony,45.0205,45.0205,73.11,86,75,8.05,US,1658888923
Skellefteå,64.7507,64.7507,59.36,100,100,3.44,SE,1658888987
Tongzi,28.7829,28.7829,80.82,87,97,7.94,CN,1658888988
Bathsheba,13.2167,13.2167,81.21,88,40,17.27,BB,1658888893
Naze,28.3667,28.3667,85.12,73,16,5.35,JP,1658888696
Constitución,-35.3333,-35.3333,50.95,92,97,5.19,CL,1658888988
Luanda,-8.8368,-8.8368,71.6,83,75,4.61,AO,1658888728
Bosaso,11.2842,11.2842,88.97,36,29,24.23,SO,1658888930
Hobart,-42.8794,-42.8794,55.26,65,75,10.36,AU,1658888796
Cacheu,12.2706,12.2706,77.09,88,78,4.12,GW,1658888989
Mar del Plata,-38.0023,-38.0023,54.09,98,100,5.75,AR,1658888865
Tautira,-17.7333,-17.7333,76.15,82,74,12.44,PF,1658888804
Koulikoro,14.0,14.0,77.67,78,100,9.64,ML,1658888989
Ilhabela,-23.7781,-23.7781,66.94,91,22,3.42,BR,1658888989
Plettenberg Bay,-34.0527,-34.0527,57.11,72,91,10.63,ZA,1658888912
Khatanga,71.9667,71.9667,76.68,39,100,12.5,RU,1658888791
Berlevåg,70.8578,70.8578,60.6,94,100,6.91,NO,1658888990
Hermanus,-34.4187,-34.4187,54.43,85,46,1.79,ZA,1658888798
La Rioja,-29.4111,-29.4111,67.1,70,36,6.15,AR,1658888990
Mahébourg,-20.4081,-20.4081,67.24,94,40,3.44,MU,1658888618
Kieta,-6.2167,-6.2167,84.97,67,49,4.59,PG,1658888832
Rio Brilhante,-21.8019,-21.8019,70.2,44,0,5.19,BR,1658888713
Lianzhou,24.7811,24.7811,90.66,63,77,2.62,CN,1658888991
Salina Cruz,16.1667,16.1667,81.84,75,45,6.62,MX,1658888991
Chernyshevskiy,63.0128,63.0128,81.28,57,3,3.76,RU,1658888991
São João da Barra,-21.6403,-21.6403,70.03,84,8,8.97,BR,1658888824
Goundam,16.4145,16.4145,94.71,17,100,7.85,ML,1658888866
Vila Velha,-20.3297,-20.3297,68.95,93,40,0.0,BR,1658888793
Ponta Delgada,37.7333,37.7333,74.5,94,20,5.75,PT,1658888950
Lata,40.1629,40.1629,54.9,97,12,1.83,PT,1658888786
Kisaran,2.9845,2.9845,78.49,86,76,4.38,ID,1658888993
Dhārchula,29.85,29.85,72.95,96,100,1.41,IN,1658888993
Tiksi,71.6872,71.6872,54.19,74,100,2.28,RU,1658888629
Saint-Augustin,51.226,51.226,61.12,74,12,14.97,CA,1658888994
Orbe,46.725,46.725,64.6,64,9,4.85,CH,1658888994
Santander Jiménez,24.2167,24.2167,82.2,72,100,14.27,MX,1658888994
Souillac,-20.5167,-20.5167,66.58,94,40,3.44,MU,1658888875
Vostok,46.4856,46.4856,77.97,57,39,5.39,RU,1658888993
Aklavik,68.2191,68.2191,64.96,32,100,20.49,CA,1658888889
Bluff,-46.6,-46.6,48.79,91,100,20.31,NZ,1658888807
Talnakh,69.4865,69.4865,65.21,55,70,5.12,RU,1658888911
Atasū,48.6814,48.6814,76.89,29,0,13.13,KZ,1658888771
Dicabisagan,17.0818,17.0818,87.62,64,100,1.45,PH,1658888922
Yar-Sale,66.8333,66.8333,54.45,70,97,10.04,RU,1658888870
Jasper,37.2001,37.2001,95.56,39,0,8.05,US,1658888995
Minsk,53.9,53.9,60.55,85,100,5.59,BY,1658888892
Rawson,-43.3002,-43.3002,45.18,95,100,9.26,AR,1658888929
Ostrovnoy,68.0531,68.0531,61.32,74,94,19.01,RU,1658888800
Flinders,-34.5833,-34.5833,64.18,47,1,10.0,AU,1658888786
Dalby,-27.1833,-27.1833,58.98,35,0,5.99,AU,1658888800
Qurayyat,31.3318,31.3318,71.78,40,0,9.22,SA,1658888996
Iquitos,-3.7481,-3.7481,75.24,100,75,3.44,PE,1658888697
Ozinki,51.1786,51.1786,68.67,70,23,2.46,RU,1658888996
Bengkulu,-3.8004,-3.8004,80.17,75,78,2.17,ID,1658888849
Kiryat Gat,31.61,31.61,74.39,64,0,2.15,IL,1658888997
Buala,-8.145,-8.145,85.17,67,100,6.02,SB,1658888997
Rafai,4.95,4.95,68.18,96,100,0.87,CF,1658888997
Saint-François,46.4154,46.4154,54.84,88,0,1.14,FR,1658888997
Kapaa,22.0752,22.0752,85.98,73,100,17.27,US,1658888836
Pevek,69.7008,69.7008,34.88,86,100,12.28,RU,1658888821
Bull Savanna,17.8868,17.8868,76.8,83,16,9.84,JM,1658888998
Torbay,47.6666,47.6666,68.77,92,100,16.11,CA,1658888837
Husavik,66.0449,66.0449,52.12,81,100,6.38,IS,1658888953
Mossamedes,-15.1961,-15.1961,61.97,80,1,2.28,AO,1658888998
Salalah,17.0151,17.0151,75.29,100,100,6.91,OM,1658888859
Urengoy,65.9667,65.9667,59.27,61,20,11.9,RU,1658888999
General Pico,-35.6566,-35.6566,62.11,94,97,7.36,AR,1658888999
Phalodi,27.1333,27.1333,80.53,83,100,7.94,IN,1658888999
Kozhva,65.1073,65.1073,56.05,66,35,2.48,RU,1658889000
Nemuro,43.3236,43.3236,66.56,95,100,6.55,JP,1658889000
Aki,33.5,33.5,84.15,78,72,4.18,JP,1658889000
Labuhan,-6.8844,-6.8844,81.66,65,18,7.47,ID,1658888816
Birobidzhan,48.8,48.8,74.86,84,100,0.89,RU,1658889001
Khani,41.9563,41.9563,58.57,97,97,0.69,GE,1658889001
Machetá,5.0815,5.0815,54.84,95,62,0.72,CO,1658889001
Ribeira Grande,38.5167,38.5167,74.14,85,38,8.72,PT,1658888770
Pasvalys,56.0594,56.0594,58.32,96,100,5.41,LT,1658889002
Manaure,11.7751,11.7751,80.17,74,2,11.48,CO,1658889002
Sungurlu,40.1675,40.1675,61.54,78,0,3.78,TR,1658889003
Malacca,2.196,2.196,84.24,79,20,8.05,MY,1658888957
Hārij,23.7,23.7,81.03,82,87,9.28,IN,1658889003
Saint-Philippe,-21.3585,-21.3585,65.79,85,58,11.79,RE,1658888862
Lima,-12.0432,-12.0432,59.25,82,100,11.5,PE,1658888415
Brae,60.3964,60.3964,51.49,87,73,8.37,GB,1658889004
Fairbanks,64.8378,64.8378,61.48,55,75,17.27,US,1658888898
Kailua,21.4022,21.4022,85.98,78,40,13.8,US,1658888500
Quilmaná,-12.95,-12.95,62.89,80,95,2.59,PE,1658889004
Iqaluit,63.7506,63.7506,46.13,81,20,4.61,CA,1658888577
Jumla,29.2747,29.2747,64.36,90,100,1.54,NP,1658889005
Bethel,41.3712,41.3712,71.65,74,0,3.44,US,1658888806
Calvinia,-31.4707,-31.4707,44.28,95,14,3.85,ZA,1658888965
Ancud,-41.8697,-41.8697,48.22,94,83,8.14,CL,1658888847
Caravelas,-17.7125,-17.7125,69.67,79,1,5.75,BR,1658889005
Halifax,44.6453,44.6453,70.29,73,75,8.05,CA,1658888843
Atuona,-9.8,-9.8,77.13,76,15,16.33,PF,1658888790
Nikolskoye,59.7035,59.7035,65.8,90,100,4.9,RU,1658888817
Wajima,37.4,37.4,83.08,83,75,4.61,JP,1658889006
Nhulunbuy,-12.2333,-12.2333,83.01,61,40,20.71,AU,1658888715
Pisco,-13.7,-13.7,60.85,88,75,4.61,PE,1658888950
Vadakku Valliyūr,8.3833,8.3833,84.36,58,97,3.38,IN,1658889007
Liepāja,56.5419,56.5419,62.58,72,20,12.66,LV,1658889007
Carbonia,39.1672,39.1672,77.02,79,0,8.43,IT,1658889008
Mount Gambier,-37.8333,-37.8333,55.29,79,100,11.79,AU,1658888738
Muroto-misakicho,33.2833,33.2833,82.63,79,67,7.65,JP,1658889008
Pionerskiy,54.9508,54.9508,53.44,68,15,14.85,RU,1658889008
Cairns,-16.9167,-16.9167,82.11,56,0,19.57,AU,1658889008
Keminmaa,65.8596,65.8596,62.37,88,75,10.36,FI,1658889009
Deputatsky,69.3,69.3,59.34,50,61,11.88,RU,1658888854
East London,-33.0153,-33.0153,64.9,46,30,8.52,ZA,1658888783
Nong’an,44.382,44.382,84.63,69,86,8.32,CN,1658889009
Sur,22.5667,22.5667,81.97,74,84,16.24,OM,1658889010
Poum,-20.2333,-20.2333,74.91,71,0,9.51,NC,1658889010
Tambongon,10.9677,10.9677,86.9,65,100,5.48,PH,1658889010
Kamárai,38.3,38.3,77.59,58,0,2.13,GR,1658889010
Canoinhas,-26.1772,-26.1772,53.8,99,9,2.15,BR,1658889011
Bundaberg,-24.85,-24.85,67.21,41,0,5.99,AU,1658889011
Touros,-5.1989,-5.1989,73.94,86,1,10.18,BR,1658888868
Aurdal,60.9242,60.9242,50.11,86,100,3.58,NO,1658889012
Klaksvík,62.2266,62.2266,52.72,86,99,7.63,FO,1658888797
Itarema,-2.9248,-2.9248,77.74,76,82,13.11,BR,1658888811
Olafsvik,64.8945,64.8945,53.33,97,100,15.59,IS,1658888854
Tanete,-3.9443,-3.9443,84.52,67,76,13.29,ID,1658888919
Kavieng,-2.5744,-2.5744,85.41,63,50,12.62,PG,1658888891
Severo-Kuril'sk,50.6789,50.6789,55.02,82,98,5.19,RU,1658888787
Leningradskiy,69.3833,69.3833,36.09,93,100,5.64,RU,1658888958
Luwuk,-0.9516,-0.9516,77.16,95,100,5.06,ID,1658889012
Pontes e Lacerda,-15.2261,-15.2261,73.69,42,40,3.15,BR,1658888921
Qaqortoq,60.7167,60.7167,42.91,93,10,3.42,GL,1658888931
San Ramon,37.7799,37.7799,78.42,60,0,14.97,US,1658888945
Arraial do Cabo,-22.9661,-22.9661,70.3,86,0,16.28,BR,1658888831
Ballina,-28.8667,-28.8667,63.79,45,0,9.8,AU,1658889013
Ulaangom,49.9811,49.9811,63.05,49,85,4.43,MN,1658888870
Pacifica,37.6138,37.6138,72.73,87,20,18.41,US,1658889013
Outjo,-20.1167,-20.1167,55.11,29,8,8.01,NA,1658889014
Andenes,69.3143,69.3143,51.93,100,100,16.11,NO,1658888938
Port Macquarie,-31.4333,-31.4333,62.89,45,0,14.56,AU,1658888907
Cabo San Lucas,22.8909,22.8909,90.7,61,0,18.41,MX,1658888847
Esperance,-33.8667,-33.8667,58.84,74,100,3.69,AU,1658888799
Bantry,51.6833,51.6833,53.78,78,100,2.42,IE,1658889014
Pacific Grove,36.6177,36.6177,66.2,83,40,8.05,US,1658889015
Den Helder,52.9599,52.9599,60.78,69,75,7.0,NL,1658888743
Shalya,57.2471,57.2471,56.19,82,23,7.16,RU,1658889015
Rudnichnyy,59.617,59.617,56.75,67,6,3.33,RU,1658889015
Otse,-25.0167,-25.0167,48.42,65,0,2.73,BW,1658889016
Fayaoué,-20.65,-20.65,73.72,67,0,7.61,NC,1658889016
Makakilo City,21.3469,21.3469,84.52,60,75,17.27,US,1658889016
Shingū,33.7333,33.7333,85.01,73,100,5.95,JP,1658889017
Tuatapere,-46.1333,-46.1333,45.9,95,100,3.8,NZ,1658888850
Homa Bay,-0.5273,-0.5273,67.14,59,93,2.84,KE,1658889017
Valmadrera,45.8463,45.8463,73.38,79,100,3.0,IT,1658889017
Dikson,73.5069,73.5069,43.34,98,100,23.15,RU,1658888689
Faanui,-16.4833,-16.4833,78.62,72,24,8.97,PF,1658888984
Lashio,22.9333,22.9333,79.07,71,100,1.01,MM,1658889018
São Filipe,14.8961,14.8961,77.04,86,45,3.33,CV,1658888815
Ishigaki,24.3448,24.3448,91.53,70,40,9.22,JP,1658889018
Port Moresby,-9.4431,-9.4431,83.62,74,75,17.27,PG,1658889018
Nome,64.5011,64.5011,48.27,71,40,17.27,US,1658888815
Sobolevo,54.4299,54.4299,60.55,91,9,3.76,RU,1658889019
Bandarbeyla,9.4942,9.4942,77.86,68,11,26.51,SO,1658888838
Evinayong,1.4368,1.4368,66.56,98,93,3.27,GQ,1658889019
Gubkinskiy,64.434,64.434,59.65,56,67,14.97,RU,1658889019
Kungurtug,50.5994,50.5994,62.08,42,90,1.5,RU,1658889020
Elliot Lake,46.3834,46.3834,56.28,91,74,3.62,CA,1658889020
Sechura,-5.5569,-5.5569,64.38,81,100,16.4,PE,1658889020
Toora-Khem,52.4675,52.4675,53.73,72,99,1.63,RU,1658889021
Clyde River,70.4692,70.4692,39.43,100,100,2.3,CA,1658888888
Barcelona,41.3888,41.3888,81.61,86,75,8.05,ES,1658888799
Kahului,20.8947,20.8947,84.22,65,40,25.32,US,1658888687
Pedernales,18.0384,18.0384,81.82,71,1,4.72,DO,1658889021
Raja,8.4596,8.4596,68.18,97,100,5.44,SS,1658888896
Malanje,-9.5402,-9.5402,60.3,35,75,4.52,AO,1658889022
Umluj,25.0213,25.0213,84.63,58,58,8.39,SA,1658889022
Gwadar,25.1216,25.1216,82.15,81,82,9.82,PK,1658889022
Provideniya,64.3833,64.3833,51.91,66,0,20.13,RU,1658888871
Zhezkazgan,47.8043,47.8043,73.38,49,0,8.95,KZ,1658889023
Kholodnyy,62.7167,62.7167,64.71,52,58,8.61,RU,1658889023
Lunca Ilvei,47.3667,47.3667,61.43,62,89,1.54,RO,1658889023
Kruisfontein,-34.0033,-34.0033,51.89,78,80,17.81,ZA,1658888889
Shimanovsk,52.0,52.0,88.03,44,55,7.56,RU,1658889024
Partenit,44.578,44.578,71.08,63,0,6.13,UA,1658889024
Cervo,43.6702,43.6702,63.97,79,93,9.33,ES,1658889024
Jalu,29.0331,29.0331,82.42,34,5,11.32,LY,1658888857
Statesboro,32.4488,32.4488,83.73,74,0,6.91,US,1658888935
Coos Bay,43.3665,43.3665,71.31,85,0,10.36,US,1658889004
Harlingen,26.1906,26.1906,86.05,82,0,13.8,US,1658888494
Yangi Marg`ilon,40.4272,40.4272,92.12,21,4,2.3,UZ,1658889025
Les Escoumins,48.1111,48.1111,51.15,94,94,5.48,CA,1658889025
Isabela,6.7085,6.7085,84.25,74,100,2.26,PH,1658889025
Mananjary,-21.2167,-21.2167,62.13,91,8,3.6,MG,1658889026
Paramonga,-10.6667,-10.6667,62.01,85,80,9.53,PE,1658889026
Avera,33.194,33.194,81.91,65,99,5.1,US,1658888818
Saint Stephen,50.3333,50.3333,53.87,76,95,4.61,GB,1658889027
Nanortalik,60.1432,60.1432,43.39,92,62,1.63,GL,1658888794
Dzhebariki-Khaya,62.2167,62.2167,81.86,42,35,5.73,RU,1658889027
Lagoa,39.05,39.05,72.68,89,10,11.68,PT,1658888784
Saint George,37.1041,37.1041,94.62,34,40,13.0,US,1658888524
Acaraú,-2.8856,-2.8856,77.13,78,61,12.59,BR,1658888822
Briançon,44.9,44.9,64.36,93,19,3.36,FR,1658889027
Palana,59.1167,59.1167,54.3,73,88,23.67,RU,1658888972
Omsukchan,62.5333,62.5333,63.72,39,95,11.48,RU,1658888929
Sitka,57.0531,57.0531,62.49,77,100,10.36,US,1658888947
Taoudenni,22.6783,22.6783,96.33,11,0,10.04,ML,1658888912
Berdigestyakh,62.0989,62.0989,81.55,38,8,6.71,RU,1658889028
Köping,59.514,59.514,59.5,84,63,5.91,SE,1658889028
Chernyshevsk,52.5243,52.5243,71.74,71,4,21.81,RU,1658889029
Verkh-Usugli,52.7,52.7,59.0,96,100,11.21,RU,1658889029
Kalangala,-0.3089,-0.3089,73.0,67,89,9.51,UG,1658889029
San Andrés,12.5847,12.5847,82.42,78,100,8.05,CO,1658888876
Giohar,2.7809,2.7809,71.74,86,65,11.3,SO,1658889029
Sorong,-0.8833,-0.8833,85.66,65,67,5.82,ID,1658889030
Faya,18.3851,18.3851,64.51,65,100,3.96,SA,1658889030
Pozo Colorado,-23.4923,-23.4923,72.41,42,22,6.08,PY,1658889030
Erdenet,49.0333,49.0333,57.99,68,93,4.76,MN,1658889031
Brandon,27.9378,27.9378,77.32,95,0,5.75,US,1658889031
Fortuna,40.5982,40.5982,61.93,82,34,5.01,US,1658888788
Mount Isa,-20.7333,-20.7333,71.37,28,0,14.97,AU,1658888855
Ahipara,-35.1667,-35.1667,60.01,79,62,10.58,NZ,1658889031
Awjilah,29.1081,29.1081,80.17,39,6,8.46,LY,1658889032
Abaeté,-19.16,-19.16,61.74,54,0,3.51,BR,1658889032
Dauriya,49.9333,49.9333,75.43,44,6,21.99,RU,1658889032
San Patricio,28.017,28.017,86.09,64,100,13.87,US,1658888810
Huilong,31.8111,31.8111,85.55,70,40,2.3,CN,1658889033
Ponferrada,42.5466,42.5466,60.82,88,6,1.99,ES,1658888758
Changzhou,31.7833,31.7833,91.06,57,1,0.83,CN,1658889033
Kamenka,51.3223,51.3223,65.57,86,8,3.38,RU,1658889033
Tiznit Province,29.5833,29.5833,81.54,33,0,2.08,MA,1658888885
Calama,-22.4667,-22.4667,48.69,20,13,12.66,CL,1658889011
Makkah al Mukarramah,21.4267,21.4267,86.7,56,80,2.01,SA,1658888898
Tokmak,47.2514,47.2514,62.6,89,1,5.17,UA,1658889034
Haines Junction,60.7522,60.7522,67.95,37,98,13.8,CA,1658888840
Acajutla,13.5928,13.5928,79.0,81,50,2.82,SV,1658889034
Katsuura,35.1333,35.1333,83.19,81,62,15.12,JP,1658888759
Luoyang,34.6836,34.6836,80.11,79,100,8.23,CN,1658889005
Coyhaique,-45.5752,-45.5752,33.75,80,20,3.44,CL,1658888781
Sanming,26.2486,26.2486,99.28,41,59,2.8,CN,1658889034
Dabat,12.9842,12.9842,52.9,91,100,2.95,ET,1658889035
Marawi,7.9986,7.9986,81.48,67,33,2.26,PH,1658889035
Kosh-Agach,50.0,50.0,55.98,55,1,1.97,RU,1658888858
Noumea,-22.2763,-22.2763,78.78,99,0,7.38,NC,1658889035
Senekal,-28.3197,-28.3197,48.15,48,43,5.64,ZA,1658889036
Pasaje,-3.3333,-3.3333,71.87,97,98,1.25,EC,1658889036
Cosalá,24.4125,24.4125,75.47,92,79,0.58,MX,1658889036
Leshukonskoye,64.8989,64.8989,62.1,69,50,6.08,RU,1658889037
Beloha,-25.1667,-25.1667,57.6,89,0,2.35,MG,1658889037
Cidreira,-30.1811,-30.1811,61.34,93,14,14.61,BR,1658888663
Rovaniemi,66.5,66.5,60.21,94,40,11.5,FI,1658889037
Mardin,37.3131,37.3131,70.86,22,0,3.44,TR,1658889037
Isangel,-19.55,-19.55,82.51,78,75,4.61,VU,1658888924
Norfolk,42.1668,42.1668,71.94,75,0,0.0,US,1658889003
Belaya Gora,68.5333,68.5333,61.25,37,15,12.62,RU,1658888868
Gilbués,-9.8317,-9.8317,67.48,57,42,4.05,BR,1658889038
Kandava,57.0409,57.0409,53.49,89,81,6.58,LV,1658889038
Bârna,45.7167,45.7167,63.46,95,83,3.22,RO,1658889039
Abu Dhabi,24.4667,24.4667,87.91,61,100,12.66,AE,1658889039
Aberystwyth,52.4155,52.4155,42.71,85,40,5.14,GB,1658888932
Zapolyarnyy,69.4154,69.4154,61.79,91,100,16.87,RU,1658889039
Kumluca,36.3703,36.3703,84.47,37,0,6.91,TR,1658889039
Solnechnyy,50.7214,50.7214,67.51,75,93,3.06,RU,1658889040
Hong Kong,22.2855,22.2855,91.96,73,11,8.99,HK,1658888860
Sakakah,29.9697,29.9697,80.17,15,6,4.5,SA,1658888793
Vardø,70.3705,70.3705,56.5,98,100,13.98,NO,1658889040
Alofi,-19.0595,-19.0595,78.69,89,75,13.8,NU,1658888941
Ocampo,21.65,21.65,60.24,79,97,14.74,MX,1658889040
Tura,25.5198,25.5198,81.03,75,33,3.22,IN,1658889041
Hamilton,39.1834,39.1834,74.71,90,75,0.0,US,1658888674
Mmathubudukwane,-24.6,-24.6,51.3,70,0,1.41,BW,1658889041
Muros,42.7762,42.7762,61.09,85,0,10.42,ES,1658889041
Ambatondrazaka,-17.8333,-17.8333,52.02,94,15,3.71,MG,1658889042
The Valley,18.217,18.217,82.26,78,3,17.07,AI,1658888907
Port-Cartier,50.0334,50.0334,67.68,79,80,5.82,CA,1658889042
Lompoc,34.6391,34.6391,64.53,76,0,12.66,US,1658888931
San Quintín,30.4833,30.4833,68.99,78,1,10.4,MX,1658888860
Tiarei,-17.5333,-17.5333,80.62,81,60,11.56,PF,1658889042
Cabedelo,-6.9811,-6.9811,72.27,86,46,9.64,BR,1658888914
Thinadhoo,0.5333,0.5333,76.05,92,100,12.44,MV,1658889043
Selfoss,63.9331,63.9331,54.84,99,100,13.2,IS,1658889043
Nyurba,63.2842,63.2842,86.85,51,6,8.48,RU,1658889043
Coruripe,-10.1256,-10.1256,72.97,82,100,10.94,BR,1658889044
Ruwi,23.5996,23.5996,83.89,72,91,7.67,OM,1658889044
Tongling,30.95,30.95,90.57,69,53,2.35,CN,1658889044
Kandi,11.1342,11.1342,73.78,87,79,5.79,BJ,1658889045
Rome,43.2128,43.2128,62.87,85,0,0.0,US,1658888802
Kentau,43.5206,43.5206,85.91,31,0,5.97,KZ,1658889045
Waddān,29.1614,29.1614,77.68,43,2,2.98,LY,1658888770
Arlit,18.7369,18.7369,93.61,11,15,8.12,NE,1658888856
Hervey Bay,-25.2986,-25.2986,63.84,42,0,16.17,AU,1658889045
São José da Coroa Grande,-8.8978,-8.8978,73.6,85,86,10.8,BR,1658889046
Kushiro,42.975,42.975,79.75,78,75,6.91,JP,1658889046
Batagay-Alyta,67.8006,67.8006,75.25,48,100,1.83,RU,1658888920
Yumen,40.2833,40.2833,84.9,11,2,10.13,CN,1658888910
Bereda,43.2686,43.2686,59.14,96,89,5.41,ES,1658889046
Sinnamary,5.3833,5.3833,78.73,82,20,4.79,GF,1658888617
Lavrentiya,65.5833,65.5833,43.32,76,78,13.42,RU,1658888888
Caconda,-13.7333,-13.7333,53.29,42,64,5.3,AO,1658889047
Robertsganj,24.7,24.7,85.41,65,62,8.68,IN,1658889047
Tessalit,20.1986,20.1986,93.34,10,5,4.85,ML,1658889047
Saldanha,-33.0117,-33.0117,48.25,88,0,7.4,ZA,1658888871
Buraidah,26.326,26.326,84.65,18,100,7.05,SA,1658888908
Beringovskiy,63.05,63.05,46.36,96,100,11.61,RU,1658888913
Bayan,46.0833,46.0833,87.35,54,75,4.52,CN,1658889048
Garden City,42.3256,42.3256,75.97,66,75,5.75,US,1658889048
Palmer,42.1584,42.1584,68.86,78,20,0.0,US,1658888876
Casa Nova,-9.4167,-9.4167,73.02,71,100,21.88,BR,1658889049
Laas,46.6166,46.6166,65.28,91,100,2.26,IT,1658888853
Srednekolymsk,67.45,67.45,57.56,40,37,14.65,RU,1658888880
Aykhal,66.0,66.0,81.43,56,6,15.61,RU,1658889049
Novaya Bryan’,51.7159,51.7159,54.34,92,100,11.18,RU,1658889049
Grand Gaube,-20.0064,-20.0064,67.37,76,10,3.0,MU,1658888796
Yasnyy,51.0333,51.0333,61.72,92,100,11.63,RU,1658888989
Bowen,-20.0167,-20.0167,71.46,61,0,10.4,AU,1658888976
Porbandar,21.6422,21.6422,82.9,77,78,9.78,IN,1658889050
Monterey,36.2505,36.2505,64.17,1,0,8.01,US,1658889050
Shizukuishi,39.6833,39.6833,84.97,46,92,6.76,JP,1658889050
Walvis Bay,-22.9575,-22.9575,43.75,87,1,6.91,NA,1658889051
Rajpura,30.4831,30.4831,86.52,61,97,15.23,IN,1658889051
San Cristobal,7.7669,7.7669,69.98,98,97,2.42,VE,1658888778
Nantucket,41.2835,41.2835,71.71,83,0,5.75,US,1658888681
Seka,17.9285,17.9285,91.26,61,1,2.68,TH,1658889051
Conway,35.0887,35.0887,93.04,49,0,12.66,US,1658888850
Shahrud,36.4182,36.4182,76.37,48,4,8.37,IR,1658889052
Wasilla,61.5814,61.5814,66.29,47,0,5.75,US,1658888819
Quang Ngai,15.1167,15.1167,93.02,47,10,5.39,VN,1658889021
Machinga,-15.1685,-15.1685,55.54,95,16,2.39,MW,1658889052
Karlskoga,59.3267,59.3267,58.39,90,82,6.15,SE,1658888950
Fukuechō,32.6881,32.6881,84.56,70,20,4.61,JP,1658889053
Mokhsogollokh,61.4681,61.4681,81.01,38,22,3.51,RU,1658888949
Cap Malheureux,-19.9842,-19.9842,67.46,76,9,4.0,MU,1658888957
Outlook,51.5001,51.5001,69.24,48,55,7.25,CA,1658889053
Vygonichi,53.0985,53.0985,64.51,94,0,4.47,RU,1658889053
Matara,5.9485,5.9485,79.3,87,100,5.19,LK,1658889054
Morondava,-20.2833,-20.2833,64.67,72,0,8.68,MG,1658889054
Coquimbo,-29.9533,-29.9533,53.33,100,40,4.61,CL,1658889054
Denpasar,-8.65,-8.65,82.06,78,40,16.11,ID,1658889052
Ilulissat,69.2167,69.2167,42.82,93,100,5.75,GL,1658888844
Parrita,9.5201,9.5201,77.27,86,99,2.57,CR,1658889055
Ulladulla,-35.35,-35.35,61.48,43,6,11.97,AU,1658889055
Leer,8.3018,8.3018,71.76,95,100,5.48,SS,1658889018
Las Vegas,36.175,36.175,93.88,36,0,12.66,US,1658888562
Bonavista,48.6499,48.6499,61.99,93,17,14.61,CA,1658889056
Crewe,53.0979,53.0979,55.02,85,1,1.01,GB,1658889056
Rio Grande,-32.035,-32.035,60.94,97,55,8.55,BR,1658888973
Lakes Entrance,-37.8811,-37.8811,60.17,63,10,11.07,AU,1658889056
Port Hardy,50.6996,50.6996,69.98,73,20,4.61,CA,1658888830
Nālūt,30.3333,30.3333,77.61,16,0,9.8,LY,1658889057
Chimoré,-16.9833,-16.9833,74.3,79,51,2.28,BO,1658889057
Haimen,23.1935,23.1935,89.49,65,0,6.49,CN,1658889004
Te Anau,-45.4167,-45.4167,43.59,94,100,2.37,NZ,1658888871
Tieli,46.95,46.95,88.02,51,69,5.03,CN,1658889057
Glendive,47.1053,47.1053,76.62,41,40,6.91,US,1658889058
Mugur-Aksy,50.35,50.35,54.09,53,99,2.86,RU,1658889058
Labuan,5.2767,5.2767,82.76,83,20,3.44,MY,1658889058
Aswān,24.0934,24.0934,85.12,19,19,9.01,EG,1658888845
Samarai,-10.6167,-10.6167,79.43,83,52,10.2,PG,1658889059
Santa Vitória do Palmar,-33.5189,-33.5189,58.59,96,26,6.35,BR,1658888940
Laguna,38.421,38.421,94.44,41,0,12.66,US,1658888975
Jacareacanga,-6.2222,-6.2222,74.07,57,84,1.25,BR,1658889059
Shimoda,34.6667,34.6667,90.1,78,100,9.48,JP,1658888856
Seoul,37.5683,37.5683,87.19,64,75,4.61,KR,1658888961
Manado,1.487,1.487,90.37,62,40,2.3,ID,1658889060
Chicama,-7.8447,-7.8447,59.54,84,82,7.72,PE,1658889060
Hobyo,5.3505,5.3505,75.6,81,36,20.49,SO,1658888835
Atherton,53.5237,53.5237,55.42,92,24,1.01,GB,1658889060
Tashtyp,52.7939,52.7939,65.41,66,47,2.8,RU,1658889061
Akureyri,65.6835,65.6835,49.93,93,100,4.61,IS,1658889061
Kirensk,57.7853,57.7853,67.59,62,100,3.2,RU,1658889061
Kirakira,-10.4544,-10.4544,83.19,75,99,6.08,SB,1658889061
Safranbolu,41.2508,41.2508,58.75,93,0,2.08,TR,1658889062
Baruun-Urt,46.6806,46.6806,72.59,46,2,9.82,MN,1658889062
Noshiro,40.2039,40.2039,85.03,71,100,7.29,JP,1658889062
Seyé,20.8333,20.8333,75.96,92,100,4.45,MX,1658889063
Chul'man,56.8479,56.8479,82.17,41,0,6.06,RU,1658889063
Haysville,37.5645,37.5645,93.42,52,75,19.57,US,1658889063
Yarmouth,41.7057,41.7057,71.96,80,0,6.91,US,1658889064
Vyaz'ma,55.2104,55.2104,62.76,88,0,1.12,RU,1658889064
Kabanjahe,3.1001,3.1001,71.04,75,100,3.91,ID,1658889064
College Place,46.0493,46.0493,100.11,27,0,11.5,US,1658889065
Pryazha,61.6926,61.6926,63.63,79,97,6.89,RU,1658889065
Keuruu,62.2667,62.2667,60.98,94,100,10.04,FI,1658888952
Río Tercero,-32.173,-32.173,64.18,87,36,5.35,AR,1658889065
Puqi,29.7167,29.7167,96.98,46,90,7.34,CN,1658889066
Am Timan,11.0297,11.0297,71.64,91,100,7.0,TD,1658889066
Hammerfest,70.6634,70.6634,59.45,100,75,10.36,NO,1658889066
Cancún,21.1743,21.1743,84.13,84,20,8.05,MX,1658888792
Atar,20.5169,20.5169,90.99,41,100,14.97,MR,1658888892
Bloomingdale,27.8936,27.8936,77.32,95,0,5.75,US,1658888809
Erbil,36.1926,36.1926,76.82,13,0,4.61,IQ,1658889067
Port Hedland,-20.3167,-20.3167,84.25,21,1,18.41,AU,1658889067
Mahon,39.8885,39.8885,73.96,78,0,4.61,ES,1658888937
Krasnosel'kup,65.7,65.7,57.79,81,100,7.14,RU,1658889068
Saint-Pierre,-21.3393,-21.3393,66.9,66,0,6.91,RE,1658888961
Kutum,14.2,14.2,72.57,74,65,14.76,SD,1658889068
Ambon City,-3.6954,-3.6954,80.74,78,75,10.36,ID,1658889068
Bloomington,44.8408,44.8408,74.1,86,100,1.99,US,1658888580
Consolación del Sur,22.5047,22.5047,76.41,85,20,3.6,CU,1658889069
Fort Nelson,58.8053,58.8053,85.59,42,75,2.3,CA,1658889069
Namatanai,-3.6667,-3.6667,85.1,63,48,8.05,PG,1658889069
Pangnirtung,66.1451,66.1451,46.26,81,32,2.35,CA,1658888938
Peceneaga,45.0167,45.0167,68.47,70,0,4.97,RO,1658889070
Lahān,26.7296,26.7296,81.41,79,100,7.67,NP,1658889070
Mexico,15.0646,15.0646,89.31,60,77,5.19,PH,1658889070
Altay,47.8667,47.8667,75.4,29,21,4.63,CN,1658889071
Raudeberg,61.9875,61.9875,48.87,79,90,12.73,NO,1658889071
Nioki,-2.7167,-2.7167,72.61,76,62,2.8,CD,1658889071
Maniitsoq,65.4167,65.4167,40.89,91,83,7.09,GL,1658889072
Mananara,-16.1667,-16.1667,62.67,94,33,4.65,MG,1658889072
Loandjili,-4.7561,-4.7561,68.11,94,75,2.3,CG,1658889072
Muscat,23.6139,23.6139,84.22,73,85,8.01,OM,1658889072
Mopti,14.6667,14.6667,86.68,54,95,16.44,ML,1658889073
Bo Rai,12.5728,12.5728,86.05,68,72,1.1,TH,1658889073
Sungai Raya,0.7,0.7,82.22,76,98,5.77,ID,1658889073
Rambha,19.5167,19.5167,86.0,69,100,5.23,IN,1658889074
Moussoro,13.6408,13.6408,82.83,62,100,11.74,TD,1658889074
Evensk,61.95,61.95,63.07,62,13,6.33,RU,1658888926
Qasigiannguit,68.8193,68.8193,43.05,98,100,2.82,GL,1658889074
Tari,12.4086,12.4086,79.34,75,87,11.99,NG,1658889075
Sovetskiy,61.3614,61.3614,59.47,56,100,4.88,RU,1658889075
Robertsport,6.7533,6.7533,76.1,81,100,7.96,LR,1658889075
Campo Maior,-4.8278,-4.8278,72.68,51,78,2.55,BR,1658889076
Launceston,-41.45,-41.45,57.34,83,21,4.61,AU,1658889001
Gunjur,13.2019,13.2019,78.87,89,40,3.44,GM,1658888861
Hofn,64.2539,64.2539,50.59,89,100,2.35,IS,1658888825
Bilibino,68.0546,68.0546,50.16,45,32,13.6,RU,1658888846
Albania,41.0,41.0,75.76,51,0,3.65,AL,1658888896
Fort Morgan,40.2503,40.2503,77.65,57,75,16.11,US,1658889006
Wattegama,6.7989,6.7989,77.83,85,99,0.85,LK,1658888974
Changping,40.2186,40.2186,76.64,85,100,1.5,CN,1658889076
Shatrovo,56.5167,56.5167,58.62,79,100,9.01,RU,1658889077
Garchitorena,13.8804,13.8804,87.87,65,100,2.8,PH,1658889077
Tongchuanshi,35.0806,35.0806,70.88,96,100,3.74,CN,1658889077
Pahrump,36.2083,36.2083,91.45,46,100,7.0,US,1658889078
Dongli,23.5656,23.5656,89.58,66,20,4.47,CN,1658889078
Hualmay,-11.0964,-11.0964,62.04,84,89,10.83,PE,1658888848
Asmara,15.3333,15.3333,59.79,74,98,5.3,ER,1658888949
Amahai,-3.3333,-3.3333,78.67,86,94,11.25,ID,1658889078
El Alto,-4.2714,-4.2714,64.36,81,100,18.12,PE,1658889079
Sucúa,-2.4667,-2.4667,66.9,98,100,2.53,EC,1658889079
Ţahţā,26.7693,26.7693,82.04,19,0,6.78,EG,1658889079
Morehead,37.2711,37.2711,76.86,92,0,0.0,US,1658889079
Tsimmerbude,54.675,54.675,53.65,76,14,10.89,RU,1658889080
Umm Kaddadah,13.6017,13.6017,82.67,58,100,17.47,SD,1658889080
